1470568833
5238661762
5596934583
2154454964
2948279286
1934782576
7865343552
1294751969
1758442127
1176418778
9586650538
7401562828
1053147877
3745308568
1213551979
2680805068
1330364236
7149880973
5812205103
2185100825
2453951529
7932342665
9572249358
9309790377
3674722534
1308332583
5491093254
3489513197
6628535540
7423943177
9311619822
9868084566
9812955034
9452791732
7263171868
3485180836
7601193202
1827009303
1297272318
9378193119
6716313477
1128378353
1772183114
7829760888
3373410398
8455194898
1793308278
8568482479
9522297512
6730304916
8120702400
7080646455
7325921650
2678981008
8599708150
9570871356
3453590215
1989090551
9400308173
1149061552
8162564686
4643830077
5834380869
1894393954
6311495660
7689216208
7677918760
7100381953
3302757090
3483720858
2207645081
9964473388
9019672527
3806285527
9710697679
4173149648
9278679214
7568978705
5682131192
2363317503
4850190680
5881325245
5803315622
2165671480
7352662144
2966801194
1083302743
9941473999
7551401569
1290022932
3547186780
4609284604
9379555849
5424742694
3845879624
8824913198
7405523874
7649335534
1143663523
4251193583